Min support: 0.75
Elapsed time: 41.0219151
Frequent itemsets has 4229 itemsets
3
5
7
9
17
25
29
31
34
36
40
42
44
46
48
52
56
58
60
62
64
66
74
3 5
3 7
3 9
3 25
3 29
3 34
3 36
3 40
3 42
3 48
3 52
3 56
3 58
3 60
3 62
3 66
5 7
5 9
5 25
5 29
5 34
5 36
5 40
5 42
5 44
5 48
5 52
5 56
5 58
5 60
5 62
5 64
5 66
7 9
7 17
7 25
7 29
7 31
7 34
7 36
7 40
7 42
7 44
7 46
7 48
7 52
7 56
7 58
7 60
7 62
7 64
7 66
9 25
9 29
9 34
9 36
9 40
9 42
9 48
9 52
9 56
9 58
9 60
9 62
9 66
17 29
17 36
17 40
17 52
17 58
17 60
25 29
25 34
25 36
25 40
25 42
25 48
25 52
25 56
25 58
25 60
25 62
25 66
29 31
29 34
29 36
29 40
29 42
29 44
29 46
29 48
29 52
29 56
29 58
29 60
29 62
29 64
29 66
31 36
31 40
31 52
31 58
31 60
31 62
31 66
34 36
34 40
34 42
34 44
34 46
34 48
34 52
34 56
34 58
34 60
34 62
34 64
34 66
36 40
36 42
36 44
36 46
36 48
36 52
36 56
36 58
36 60
36 62
36 64
36 66
40 42
40 44
40 46
40 48
40 52
40 56
40 58
40 60
40 62
40 64
40 66
42 48
42 52
42 56
42 58
42 60
42 62
42 64
42 66
44 48
44 52
44 56
44 58
44 60
44 62
44 66
46 48
46 52
46 56
46 58
46 60
46 62
46 66
48 52
48 56
48 58
48 60
48 62
48 64
48 66
52 56
52 58
52 60
52 62
52 64
52 66
56 58
56 60
56 62
56 64
56 66
58 60
58 62
58 64
58 66
58 74
60 62
60 64
60 66
62 64
62 66
64 66
3 5 7
3 5 9
3 5 25
3 5 29
3 5 34
3 5 36
3 5 40
3 5 42
3 5 48
3 5 52
3 5 56
3 5 58
3 5 60
3 5 62
3 5 66
3 7 9
3 7 25
3 7 29
3 7 34
3 7 36
3 7 40
3 7 42
3 7 48
3 7 52
3 7 56
3 7 58
3 7 60
3 7 62
3 7 66
3 9 25
3 9 29
3 9 34
3 9 36
3 9 40
3 9 42
3 9 48
3 9 52
3 9 56
3 9 58
3 9 60
3 9 62
3 9 66
3 25 29
3 25 34
3 25 36
3 25 40
3 25 42
3 25 48
3 25 52
3 25 56
3 25 58
3 25 60
3 25 62
3 25 66
3 29 34
3 29 36
3 29 40
3 29 42
3 29 48
3 29 52
3 29 56
3 29 58
3 29 60
3 29 62
3 29 66
3 34 36
3 34 40
3 34 42
3 34 48
3 34 52
3 34 56
3 34 58
3 34 60
3 34 62
3 34 66
3 36 40
3 36 42
3 36 48
3 36 52
3 36 56
3 36 58
3 36 60
3 36 62
3 36 66
3 40 42
3 40 48
3 40 52
3 40 56
3 40 58
3 40 60
3 40 62
3 40 66
3 42 48
3 42 52
3 42 56
3 42 58
3 42 60
3 42 62
3 42 66
3 48 52
3 48 56
3 48 58
3 48 60
3 48 62
3 48 66
3 52 56
3 52 58
3 52 60
3 52 62
3 52 66
3 56 58
3 56 60
3 56 62
3 56 66
3 58 60
3 58 62
3 58 66
3 60 62
3 60 66
3 62 66
5 7 9
5 7 25
5 7 29
5 7 34
5 7 36
5 7 40
5 7 42
5 7 44
5 7 48
5 7 52
5 7 56
5 7 58
5 7 60
5 7 62
5 7 64
5 7 66
5 9 25
5 9 29
5 9 34
5 9 36
5 9 40
5 9 42
5 9 48
5 9 52
5 9 56
5 9 58
5 9 60
5 9 62
5 9 66
5 25 29
5 25 34
5 25 36
5 25 40
5 25 42
5 25 48
5 25 52
5 25 56
5 25 58
5 25 60
5 25 62
5 25 66
5 29 34
5 29 36
5 29 40
5 29 42
5 29 44
5 29 48
5 29 52
5 29 56
5 29 58
5 29 60
5 29 62
5 29 64
5 29 66
5 34 36
5 34 40
5 34 42
5 34 44
5 34 48
5 34 52
5 34 56
5 34 58
5 34 60
5 34 62
5 34 64
5 34 66
5 36 40
5 36 42
5 36 44
5 36 48
5 36 52
5 36 56
5 36 58
5 36 60
5 36 62
5 36 64
5 36 66
5 40 42
5 40 44
5 40 48
5 40 52
5 40 56
5 40 58
5 40 60
5 40 62
5 40 64
5 40 66
5 42 48
5 42 52
5 42 56
5 42 58
5 42 60
5 42 62
5 42 64
5 42 66
5 44 48
5 44 52
5 44 56
5 44 58
5 44 60
5 44 62
5 44 66
5 48 52
5 48 56
5 48 58
5 48 60
5 48 62
5 48 64
5 48 66
5 52 56
5 52 58
5 52 60
5 52 62
5 52 64
5 52 66
5 56 58
5 56 60
5 56 62
5 56 64
5 56 66
5 58 60
5 58 62
5 58 64
5 58 66
5 60 62
5 60 64
5 60 66
5 62 64
5 62 66
5 64 66
7 9 25
7 9 29
7 9 34
7 9 36
7 9 40
7 9 42
7 9 48
7 9 52
7 9 56
7 9 58
7 9 60
7 9 62
7 9 66
7 17 29
7 17 36
7 17 40
7 17 52
7 17 58
7 17 60
7 25 29
7 25 34
7 25 36
7 25 40
7 25 42
7 25 48
7 25 52
7 25 56
7 25 58
7 25 60
7 25 62
7 25 66
7 29 31
7 29 34
7 29 36
7 29 40
7 29 42
7 29 44
7 29 46
7 29 48
7 29 52
7 29 56
7 29 58
7 29 60
7 29 62
7 29 64
7 29 66
7 31 36
7 31 40
7 31 52
7 31 58
7 31 60
7 31 62
7 31 66
7 34 36
7 34 40
7 34 42
7 34 44
7 34 46
7 34 48
7 34 52
7 34 56
7 34 58
7 34 60
7 34 62
7 34 64
7 34 66
7 36 40
7 36 42
7 36 44
7 36 46
7 36 48
7 36 52
7 36 56
7 36 58
7 36 60
7 36 62
7 36 64
7 36 66
7 40 42
7 40 44
7 40 46
7 40 48
7 40 52
7 40 56
7 40 58
7 40 60
7 40 62
7 40 64
7 40 66
7 42 48
7 42 52
7 42 56
7 42 58
7 42 60
7 42 62
7 42 64
7 42 66
7 44 48
7 44 52
7 44 56
7 44 58
7 44 60
7 44 62
7 44 66
7 46 48
7 46 52
7 46 56
7 46 58
7 46 60
7 46 62
7 46 66
7 48 52
7 48 56
7 48 58
7 48 60
7 48 62
7 48 64
7 48 66
7 52 56
7 52 58
7 52 60
7 52 62
7 52 64
7 52 66
7 56 58
7 56 60
7 56 62
7 56 64
7 56 66
7 58 60
7 58 62
7 58 64
7 58 66
7 60 62
7 60 64
7 60 66
7 62 64
7 62 66
7 64 66
9 25 29
9 25 34
9 25 36
9 25 40
9 25 42
9 25 48
9 25 52
9 25 56
9 25 58
9 25 60
9 25 62
9 25 66
9 29 34
9 29 36
9 29 40
9 29 42
9 29 48
9 29 52
9 29 56
9 29 58
9 29 60
9 29 62
9 29 66
9 34 36
9 34 40
9 34 42
9 34 48
9 34 52
9 34 56
9 34 58
9 34 60
9 34 62
9 34 66
9 36 40
9 36 42
9 36 48
9 36 52
9 36 56
9 36 58
9 36 60
9 36 62
9 36 66
9 40 42
9 40 48
9 40 52
9 40 56
9 40 58
9 40 60
9 40 62
9 40 66
9 42 48
9 42 52
9 42 56
9 42 58
9 42 60
9 42 62
9 42 66
9 48 52
9 48 56
9 48 58
9 48 60
9 48 62
9 48 66
9 52 56
9 52 58
9 52 60
9 52 62
9 52 66
9 56 58
9 56 60
9 56 62
9 56 66
9 58 60
9 58 62
9 58 66
9 60 62
9 60 66
9 62 66
17 29 36
17 29 40
17 29 52
17 29 58
17 29 60
17 36 40
17 36 52
17 36 58
17 36 60
17 40 52
17 40 58
17 40 60
17 52 58
17 52 60
17 58 60
25 29 34
25 29 36
25 29 40
25 29 42
25 29 48
25 29 52
25 29 56
25 29 58
25 29 60
25 29 62
25 29 66
25 34 36
25 34 40
25 34 42
25 34 48
25 34 52
25 34 56
25 34 58
25 34 60
25 34 62
25 34 66
25 36 40
25 36 42
25 36 48
25 36 52
25 36 56
25 36 58
25 36 60
25 36 62
25 36 66
25 40 42
25 40 48
25 40 52
25 40 56
25 40 58
25 40 60
25 40 62
25 40 66
25 42 48
25 42 52
25 42 56
25 42 58
25 42 60
25 42 62
25 42 66
25 48 52
25 48 56
25 48 58
25 48 60
25 48 62
25 48 66
25 52 56
25 52 58
25 52 60
25 52 62
25 52 66
25 56 58
25 56 60
25 56 62
25 56 66
25 58 60
25 58 62
25 58 66
25 60 62
25 60 66
25 62 66
29 31 36
29 31 40
29 31 52
29 31 58
29 31 60
29 31 62
29 31 66
29 34 36
29 34 40
29 34 42
29 34 44
29 34 46
29 34 48
29 34 52
29 34 56
29 34 58
29 34 60
29 34 62
29 34 64
29 34 66
29 36 40
29 36 42
29 36 44
29 36 46
29 36 48
29 36 52
29 36 56
29 36 58
29 36 60
29 36 62
29 36 64
29 36 66
29 40 42
29 40 44
29 40 46
29 40 48
29 40 52
29 40 56
29 40 58
29 40 60
29 40 62
29 40 64
29 40 66
29 42 48
29 42 52
29 42 56
29 42 58
29 42 60
29 42 62
29 42 64
29 42 66
29 44 48
29 44 52
29 44 56
29 44 58
29 44 60
29 44 62
29 44 66
29 46 48
29 46 52
29 46 56
29 46 58
29 46 60
29 46 62
29 46 66
29 48 52
29 48 56
29 48 58
29 48 60
29 48 62
29 48 64
29 48 66
29 52 56
29 52 58
29 52 60
29 52 62
29 52 64
29 52 66
29 56 58
29 56 60
29 56 62
29 56 64
29 56 66
29 58 60
29 58 62
29 58 64
29 58 66
29 60 62
29 60 64
29 60 66
29 62 64
29 62 66
29 64 66
31 36 40
31 36 52
31 36 58
31 36 60
31 36 62
31 36 66
31 40 52
31 40 58
31 40 60
31 40 62
31 40 66
31 52 58
31 52 60
31 52 62
31 52 66
31 58 60
31 58 62
31 58 66
31 60 62
31 60 66
31 62 66
34 36 40
34 36 42
34 36 44
34 36 46
34 36 48
34 36 52
34 36 56
34 36 58
34 36 60
34 36 62
34 36 64
34 36 66
34 40 42
34 40 44
34 40 46
34 40 48
34 40 52
34 40 56
34 40 58
34 40 60
34 40 62
34 40 64
34 40 66
34 42 48
34 42 52
34 42 56
34 42 58
34 42 60
34 42 62
34 42 64
34 42 66
34 44 48
34 44 52
34 44 56
34 44 58
34 44 60
34 44 62
34 44 66
34 46 48
34 46 52
34 46 56
34 46 58
34 46 60
34 46 62
34 46 66
34 48 52
34 48 56
34 48 58
34 48 60
34 48 62
34 48 64
34 48 66
34 52 56
34 52 58
34 52 60
34 52 62
34 52 64
34 52 66
34 56 58
34 56 60
34 56 62
34 56 64
34 56 66
34 58 60
34 58 62
34 58 64
34 58 66
34 60 62
34 60 64
34 60 66
34 62 64
34 62 66
34 64 66
36 40 42
36 40 44
36 40 46
36 40 48
36 40 52
36 40 56
36 40 58
36 40 60
36 40 62
36 40 64
36 40 66
36 42 48
36 42 52
36 42 56
36 42 58
36 42 60
36 42 62
36 42 64
36 42 66
36 44 48
36 44 52
36 44 56
36 44 58
36 44 60
36 44 62
36 44 66
36 46 48
36 46 52
36 46 56
36 46 58
36 46 60
36 46 62
36 46 66
36 48 52
36 48 56
36 48 58
36 48 60
36 48 62
36 48 64
36 48 66
36 52 56
36 52 58
36 52 60
36 52 62
36 52 64
36 52 66
36 56 58
36 56 60
36 56 62
36 56 64
36 56 66
36 58 60
36 58 62
36 58 64
36 58 66
36 60 62
36 60 64
36 60 66
36 62 64
36 62 66
36 64 66
40 42 48
40 42 52
40 42 56
40 42 58
40 42 60
40 42 62
40 42 64
40 42 66
40 44 48
40 44 52
40 44 56
40 44 58
40 44 60
40 44 62
40 44 66
40 46 48
40 46 52
40 46 56
40 46 58
40 46 60
40 46 62
40 46 66
40 48 52
40 48 56
40 48 58
40 48 60
40 48 62
40 48 64
40 48 66
40 52 56
40 52 58
40 52 60
40 52 62
40 52 64
40 52 66
40 56 58
40 56 60
40 56 62
40 56 64
40 56 66
40 58 60
40 58 62
40 58 64
40 58 66
40 60 62
40 60 64
40 60 66
40 62 64
40 62 66
40 64 66
42 48 52
42 48 56
42 48 58
42 48 60
42 48 62
42 48 64
42 48 66
42 52 56
42 52 58
42 52 60
42 52 62
42 52 64
42 52 66
42 56 58
42 56 60
42 56 62
42 56 64
42 56 66
42 58 60
42 58 62
42 58 64
42 58 66
42 60 62
42 60 64
42 60 66
42 62 64
42 62 66
42 64 66
44 48 52
44 48 56
44 48 58
44 48 60
44 48 62
44 48 66
44 52 56
44 52 58
44 52 60
44 52 62
44 52 66
44 56 58
44 56 60
44 56 62
44 56 66
44 58 60
44 58 62
44 58 66
44 60 62
44 60 66
44 62 66
46 48 52
46 48 56
46 48 58
46 48 60
46 48 62
46 48 66
46 52 56
46 52 58
46 52 60
46 52 62
46 52 66
46 56 58
46 56 60
46 56 62
46 56 66
46 58 60
46 58 62
46 58 66
46 60 62
46 60 66
46 62 66
48 52 56
48 52 58
48 52 60
48 52 62
48 52 64
48 52 66
48 56 58
48 56 60
48 56 62
48 56 64
48 56 66
48 58 60
48 58 62
48 58 64
48 58 66
48 60 62
48 60 64
48 60 66
48 62 64
48 62 66
48 64 66
52 56 58
52 56 60
52 56 62
52 56 64
52 56 66
52 58 60
52 58 62
52 58 64
52 58 66
52 60 62
52 60 64
52 60 66
52 62 64
52 62 66
52 64 66
56 58 60
56 58 62
56 58 64
56 58 66
56 60 62
56 60 64
56 60 66
56 62 64
56 62 66
56 64 66
58 60 62
58 60 64
58 60 66
58 62 64
58 62 66
58 64 66
60 62 64
60 62 66
60 64 66
62 64 66
3 5 7 9
3 5 7 25
3 5 7 29
3 5 7 34
3 5 7 36
3 5 7 40
3 5 7 48
3 5 7 52
3 5 7 56
3 5 7 58
3 5 7 60
3 5 7 62
3 5 7 66
3 5 9 29
3 5 9 34
3 5 9 36
3 5 9 40
3 5 9 48
3 5 9 52
3 5 9 56
3 5 9 58
3 5 9 60
3 5 9 62
3 5 9 66
3 5 25 29
3 5 25 36
3 5 25 40
3 5 25 48
3 5 25 52
3 5 25 58
3 5 25 60
3 5 25 62
3 5 25 66
3 5 29 34
3 5 29 36
3 5 29 40
3 5 29 42
3 5 29 48
3 5 29 52
3 5 29 56
3 5 29 58
3 5 29 60
3 5 29 62
3 5 29 66
3 5 34 36
3 5 34 40
3 5 34 48
3 5 34 52
3 5 34 56
3 5 34 58
3 5 34 60
3 5 34 62
3 5 34 66
3 5 36 40
3 5 36 48
3 5 36 52
3 5 36 56
3 5 36 58
3 5 36 60
3 5 36 62
3 5 36 66
3 5 40 48
3 5 40 52
3 5 40 56
3 5 40 58
3 5 40 60
3 5 40 62
3 5 40 66
3 5 42 52
3 5 42 58
3 5 42 60
3 5 48 52
3 5 48 56
3 5 48 58
3 5 48 60
3 5 48 62
3 5 48 66
3 5 52 56
3 5 52 58
3 5 52 60
3 5 52 62
3 5 52 66
3 5 56 58
3 5 56 60
3 5 56 62
3 5 56 66
3 5 58 60
3 5 58 62
3 5 58 66
3 5 60 62
3 5 60 66
3 5 62 66
3 7 9 29
3 7 9 34
3 7 9 36
3 7 9 40
3 7 9 48
3 7 9 52
3 7 9 56
3 7 9 58
3 7 9 60
3 7 9 62
3 7 9 66
3 7 25 29
3 7 25 36
3 7 25 40
3 7 25 48
3 7 25 52
3 7 25 58
3 7 25 60
3 7 25 62
3 7 25 66
3 7 29 34
3 7 29 36
3 7 29 40
3 7 29 42
3 7 29 48
3 7 29 52
3 7 29 56
3 7 29 58
3 7 29 60
3 7 29 62
3 7 29 66
3 7 34 36
3 7 34 40
3 7 34 48
3 7 34 52
3 7 34 56
3 7 34 58
3 7 34 60
3 7 34 62
3 7 34 66
3 7 36 40
3 7 36 48
3 7 36 52
3 7 36 56
3 7 36 58
3 7 36 60
3 7 36 62
3 7 36 66
3 7 40 48
3 7 40 52
3 7 40 56
3 7 40 58
3 7 40 60
3 7 40 62
3 7 40 66
3 7 42 52
3 7 42 58
3 7 42 60
3 7 48 52
3 7 48 56
3 7 48 58
3 7 48 60
3 7 48 62
3 7 48 66
3 7 52 56
3 7 52 58
3 7 52 60
3 7 52 62
3 7 52 66
3 7 56 58
3 7 56 60
3 7 56 62
3 7 56 66
3 7 58 60
3 7 58 62
3 7 58 66
3 7 60 62
3 7 60 66
3 7 62 66
3 9 25 29
3 9 25 36
3 9 25 40
3 9 25 48
3 9 25 52
3 9 25 58
3 9 25 60
3 9 25 62
3 9 25 66
3 9 29 34
3 9 29 36
3 9 29 40
3 9 29 42
3 9 29 48
3 9 29 52
3 9 29 56
3 9 29 58
3 9 29 60
3 9 29 62
3 9 29 66
3 9 34 36
3 9 34 40
3 9 34 48
3 9 34 52
3 9 34 56
3 9 34 58
3 9 34 60
3 9 34 62
3 9 34 66
3 9 36 40
3 9 36 48
3 9 36 52
3 9 36 56
3 9 36 58
3 9 36 60
3 9 36 62
3 9 36 66
3 9 40 48
3 9 40 52
3 9 40 56
3 9 40 58
3 9 40 60
3 9 40 62
3 9 40 66
3 9 42 52
3 9 42 58
3 9 42 60
3 9 48 52
3 9 48 56
3 9 48 58
3 9 48 60
3 9 48 62
3 9 48 66
3 9 52 56
3 9 52 58
3 9 52 60
3 9 52 62
3 9 52 66
3 9 56 58
3 9 56 60
3 9 56 62
3 9 56 66
3 9 58 60
3 9 58 62
3 9 58 66
3 9 60 62
3 9 60 66
3 9 62 66
3 25 29 34
3 25 29 36
3 25 29 40
3 25 29 42
3 25 29 48
3 25 29 52
3 25 29 56
3 25 29 58
3 25 29 60
3 25 29 62
3 25 29 66
3 25 34 36
3 25 34 40
3 25 34 48
3 25 34 52
3 25 34 56
3 25 34 58
3 25 34 60
3 25 34 62
3 25 34 66
3 25 36 40
3 25 36 48
3 25 36 52
3 25 36 56
3 25 36 58
3 25 36 60
3 25 36 62
3 25 36 66
3 25 40 48
3 25 40 52
3 25 40 56
3 25 40 58
3 25 40 60
3 25 40 62
3 25 40 66
3 25 42 52
3 25 42 58
3 25 42 60
3 25 48 52
3 25 48 56
3 25 48 58
3 25 48 60
3 25 48 62
3 25 48 66
3 25 52 56
3 25 52 58
3 25 52 60
3 25 52 62
3 25 52 66
3 25 56 58
3 25 56 60
3 25 56 62
3 25 56 66
3 25 58 60
3 25 58 62
3 25 58 66
3 25 60 62
3 25 60 66
3 25 62 66
3 29 34 36
3 29 34 40
3 29 34 48
3 29 34 52
3 29 34 56
3 29 34 58
3 29 34 60
3 29 34 62
3 29 34 66
3 29 36 40
3 29 36 48
3 29 36 52
3 29 36 56
3 29 36 58
3 29 36 60
3 29 36 62
3 29 36 66
3 29 40 48
3 29 40 52
3 29 40 56
3 29 40 58
3 29 40 60
3 29 40 62
3 29 40 66
3 29 42 52
3 29 42 58
3 29 42 60
3 29 48 52
3 29 48 56
3 29 48 58
3 29 48 60
3 29 48 62
3 29 48 66
3 29 52 56
3 29 52 58
3 29 52 60
3 29 52 62
3 29 52 66
3 29 56 58
3 29 56 60
3 29 56 62
3 29 56 66
3 29 58 60
3 29 58 62
3 29 58 66
3 29 60 62
3 29 60 66
3 29 62 66
3 34 36 40
3 34 36 48
3 34 36 52
3 34 36 56
3 34 36 58
3 34 36 60
3 34 36 62
3 34 36 66
3 34 40 48
3 34 40 52
3 34 40 56
3 34 40 58
3 34 40 60
3 34 40 62
3 34 40 66
3 34 42 52
3 34 42 58
3 34 42 60
3 34 48 52
3 34 48 56
3 34 48 58
3 34 48 60
3 34 48 62
3 34 48 66
3 34 52 56
3 34 52 58
3 34 52 60
3 34 52 62
3 34 52 66
3 34 56 58
3 34 56 60
3 34 56 62
3 34 56 66
3 34 58 60
3 34 58 62
3 34 58 66
3 34 60 62
3 34 60 66
3 34 62 66
3 36 40 48
3 36 40 52
3 36 40 56
3 36 40 58
3 36 40 60
3 36 40 62
3 36 40 66
3 36 42 52
3 36 42 58
3 36 42 60
3 36 48 52
3 36 48 56
3 36 48 58
3 36 48 60
3 36 48 62
3 36 48 66
3 36 52 56
3 36 52 58
3 36 52 60
3 36 52 62
3 36 52 66
3 36 56 58
3 36 56 60
3 36 56 62
3 36 56 66
3 36 58 60
3 36 58 62
3 36 58 66
3 36 60 62
3 36 60 66
3 36 62 66
3 40 42 52
3 40 42 58
3 40 42 60
3 40 48 52
3 40 48 56
3 40 48 58
3 40 48 60
3 40 48 62
3 40 48 66
3 40 52 56
3 40 52 58
3 40 52 60
3 40 52 62
3 40 52 66
3 40 56 58
3 40 56 60
3 40 56 62
3 40 56 66
3 40 58 60
3 40 58 62
3 40 58 66
3 40 60 62
3 40 60 66
3 40 62 66
3 42 48 52
3 42 48 56
3 42 48 58
3 42 48 60
3 42 48 62
3 42 48 66
3 42 52 56
3 42 52 58
3 42 52 60
3 42 52 62
3 42 52 66
3 42 56 58
3 42 56 60
3 42 56 62
3 42 56 66
3 42 58 60
3 42 58 62
3 42 58 66
3 42 60 62
3 42 60 66
3 42 62 66
3 48 52 56
3 48 52 58
3 48 52 60
3 48 52 62
3 48 52 66
3 48 56 58
3 48 56 60
3 48 56 62
3 48 56 66
3 48 58 60
3 48 58 62
3 48 58 66
3 48 60 62
3 48 60 66
3 48 62 66
3 52 56 58
3 52 56 60
3 52 56 62
3 52 56 66
3 52 58 60
3 52 58 62
3 52 58 66
3 52 60 62
3 52 60 66
3 52 62 66
3 56 58 60
3 56 58 62
3 56 58 66
3 56 60 62
3 56 60 66
3 56 62 66
3 58 60 62
3 58 60 66
3 58 62 66
3 60 62 66
5 7 9 29
5 7 9 34
5 7 9 36
5 7 9 40
5 7 9 48
5 7 9 52
5 7 9 56
5 7 9 58
5 7 9 60
5 7 9 62
5 7 9 66
5 7 25 29
5 7 25 34
5 7 25 36
5 7 25 40
5 7 25 48
5 7 25 52
5 7 25 56
5 7 25 58
5 7 25 60
5 7 25 62
5 7 25 66
5 7 29 34
5 7 29 36
5 7 29 40
5 7 29 42
5 7 29 44
5 7 29 48
5 7 29 52
5 7 29 56
5 7 29 58
5 7 29 60
5 7 29 62
5 7 29 64
5 7 29 66
5 7 34 36
5 7 34 40
5 7 34 42
5 7 34 48
5 7 34 52
5 7 34 56
5 7 34 58
5 7 34 60
5 7 34 62
5 7 34 64
5 7 34 66
5 7 36 40
5 7 36 42
5 7 36 48
5 7 36 52
5 7 36 56
5 7 36 58
5 7 36 60
5 7 36 62
5 7 36 64
5 7 36 66
5 7 40 42
5 7 40 44
5 7 40 48
5 7 40 52
5 7 40 56
5 7 40 58
5 7 40 60
5 7 40 62
5 7 40 64
5 7 40 66
5 7 42 48
5 7 42 52
5 7 42 56
5 7 42 58
5 7 42 60
5 7 42 62
5 7 42 66
5 7 44 52
5 7 44 58
5 7 44 60
5 7 48 52
5 7 48 56
5 7 48 58
5 7 48 60
5 7 48 62
5 7 48 66
5 7 52 56
5 7 52 58
5 7 52 60
5 7 52 62
5 7 52 64
5 7 52 66
5 7 56 58
5 7 56 60
5 7 56 62
5 7 56 66
5 7 58 60
5 7 58 62
5 7 58 64
5 7 58 66
5 7 60 62
5 7 60 64
5 7 60 66
5 7 62 66
5 9 25 29
5 9 25 34
5 9 25 36
5 9 25 40
5 9 25 48
5 9 25 52
5 9 25 56
5 9 25 58
5 9 25 60
5 9 25 62
5 9 25 66
5 9 29 34
5 9 29 36
5 9 29 40
5 9 29 42
5 9 29 48
5 9 29 52
5 9 29 56
5 9 29 58
5 9 29 60
5 9 29 62
5 9 29 66
5 9 34 36
5 9 34 40
5 9 34 42
5 9 34 48
5 9 34 52
5 9 34 56
5 9 34 58
5 9 34 60
5 9 34 62
5 9 34 66
5 9 36 40
5 9 36 42
5 9 36 48
5 9 36 52
5 9 36 56
5 9 36 58
5 9 36 60
5 9 36 62
5 9 36 66
5 9 40 42
5 9 40 48
5 9 40 52
5 9 40 56
5 9 40 58
5 9 40 60
5 9 40 62
5 9 40 66
5 9 42 48
5 9 42 52
5 9 42 56
5 9 42 58
5 9 42 60
5 9 42 62
5 9 42 66
5 9 48 52
5 9 48 56
5 9 48 58
5 9 48 60
5 9 48 62
5 9 48 66
5 9 52 56
5 9 52 58
5 9 52 60
5 9 52 62
5 9 52 66
5 9 56 58
5 9 56 60
5 9 56 62
5 9 56 66
5 9 58 60
5 9 58 62
5 9 58 66
5 9 60 62
5 9 60 66
5 9 62 66
5 25 29 34
5 25 29 36
5 25 29 40
5 25 29 42
5 25 29 48
5 25 29 52
5 25 29 56
5 25 29 58
5 25 29 60
5 25 29 62
5 25 29 66
5 25 34 36
5 25 34 40
5 25 34 42
5 25 34 48
5 25 34 52
5 25 34 56
5 25 34 58
5 25 34 60
5 25 34 62
5 25 34 66
5 25 36 40
5 25 36 42
5 25 36 48
5 25 36 52
5 25 36 56
5 25 36 58
5 25 36 60
5 25 36 62
5 25 36 66
5 25 40 42
5 25 40 48
5 25 40 52
5 25 40 56
5 25 40 58
5 25 40 60
5 25 40 62
5 25 40 66
5 25 42 48
5 25 42 52
5 25 42 56
5 25 42 58
5 25 42 60
5 25 42 62
5 25 42 66
5 25 48 52
5 25 48 56
5 25 48 58
5 25 48 60
5 25 48 62
5 25 48 66
5 25 52 56
5 25 52 58
5 25 52 60
5 25 52 62
5 25 52 66
5 25 56 58
5 25 56 60
5 25 56 62
5 25 56 66
5 25 58 60
5 25 58 62
5 25 58 66
5 25 60 62
5 25 60 66
5 25 62 66
5 29 34 36
5 29 34 40
5 29 34 42
5 29 34 48
5 29 34 52
5 29 34 56
5 29 34 58
5 29 34 60
5 29 34 62
5 29 34 64
5 29 34 66
5 29 36 40
5 29 36 42
5 29 36 48
5 29 36 52
5 29 36 56
5 29 36 58
5 29 36 60
5 29 36 62
5 29 36 64
5 29 36 66
5 29 40 42
5 29 40 44
5 29 40 48
5 29 40 52
5 29 40 56
5 29 40 58
5 29 40 60
5 29 40 62
5 29 40 64
5 29 40 66
5 29 42 48
5 29 42 52
5 29 42 56
5 29 42 58
5 29 42 60
5 29 42 62
5 29 42 66
5 29 44 52
5 29 44 58
5 29 44 60
5 29 48 52
5 29 48 56
5 29 48 58
5 29 48 60
5 29 48 62
5 29 48 66
5 29 52 56
5 29 52 58
5 29 52 60
5 29 52 62
5 29 52 64
5 29 52 66
5 29 56 58
5 29 56 60
5 29 56 62
5 29 56 66
5 29 58 60
5 29 58 62
5 29 58 64
5 29 58 66
5 29 60 62
5 29 60 64
5 29 60 66
5 29 62 66
5 34 36 40
5 34 36 42
5 34 36 48
5 34 36 52
5 34 36 56
5 34 36 58
5 34 36 60
5 34 36 62
5 34 36 64
5 34 36 66
5 34 40 42
5 34 40 44
5 34 40 48
5 34 40 52
5 34 40 56
5 34 40 58
5 34 40 60
5 34 40 62
5 34 40 64
5 34 40 66
5 34 42 48
5 34 42 52
5 34 42 56
5 34 42 58
5 34 42 60
5 34 42 62
5 34 42 66
5 34 44 52
5 34 44 58
5 34 44 60
5 34 48 52
5 34 48 56
5 34 48 58
5 34 48 60
5 34 48 62
5 34 48 66
5 34 52 56
5 34 52 58
5 34 52 60
5 34 52 62
5 34 52 64
5 34 52 66
5 34 56 58
5 34 56 60
5 34 56 62
5 34 56 66
5 34 58 60
5 34 58 62
5 34 58 64
5 34 58 66
5 34 60 62
5 34 60 64
5 34 60 66
5 34 62 66
5 36 40 42
5 36 40 44
5 36 40 48
5 36 40 52
5 36 40 56
5 36 40 58
5 36 40 60
5 36 40 62
5 36 40 64
5 36 40 66
5 36 42 48
5 36 42 52
5 36 42 56
5 36 42 58
5 36 42 60
5 36 42 62
5 36 42 66
5 36 44 52
5 36 44 58
5 36 44 60
5 36 48 52
5 36 48 56
5 36 48 58
5 36 48 60
5 36 48 62
5 36 48 66
5 36 52 56
5 36 52 58
5 36 52 60
5 36 52 62
5 36 52 64
5 36 52 66
5 36 56 58
5 36 56 60
5 36 56 62
5 36 56 66
5 36 58 60
5 36 58 62
5 36 58 64
5 36 58 66
5 36 60 62
5 36 60 64
5 36 60 66
5 36 62 66
5 40 42 48
5 40 42 52
5 40 42 56
5 40 42 58
5 40 42 60
5 40 42 62
5 40 42 66
5 40 44 52
5 40 44 58
5 40 44 60
5 40 48 52
5 40 48 56
5 40 48 58
5 40 48 60
5 40 48 62
5 40 48 66
5 40 52 56
5 40 52 58
5 40 52 60
5 40 52 62
5 40 52 64
5 40 52 66
5 40 56 58
5 40 56 60
5 40 56 62
5 40 56 66
5 40 58 60
5 40 58 62
5 40 58 64
5 40 58 66
5 40 60 62
5 40 60 64
5 40 60 66
5 40 62 66
5 42 48 52
5 42 48 56
5 42 48 58
5 42 48 60
5 42 48 62
5 42 48 66
5 42 52 56
5 42 52 58
5 42 52 60
5 42 52 62
5 42 52 64
5 42 52 66
5 42 56 58
5 42 56 60
5 42 56 62
5 42 56 66
5 42 58 60
5 42 58 62
5 42 58 64
5 42 58 66
5 42 60 62
5 42 60 64
5 42 60 66
5 42 62 66
5 44 48 52
5 44 48 56
5 44 48 58
5 44 48 60
5 44 48 62
5 44 48 66
5 44 52 56
5 44 52 58
5 44 52 60
5 44 52 62
5 44 52 66
5 44 56 58
5 44 56 60
5 44 56 62
5 44 56 66
5 44 58 60
5 44 58 62
5 44 58 66
5 44 60 62
5 44 60 66
5 44 62 66
5 48 52 56
5 48 52 58
5 48 52 60
5 48 52 62
5 48 52 64
5 48 52 66
5 48 56 58
5 48 56 60
5 48 56 62
5 48 56 66
5 48 58 60
5 48 58 62
5 48 58 64
5 48 58 66
5 48 60 62
5 48 60 64
5 48 60 66
5 48 62 66
5 52 56 58
5 52 56 60
5 52 56 62
5 52 56 66
5 52 58 60
5 52 58 62
5 52 58 64
5 52 58 66
5 52 60 62
5 52 60 64
5 52 60 66
5 52 62 66
5 56 58 60
5 56 58 62
5 56 58 64
5 56 58 66
5 56 60 62
5 56 60 64
5 56 60 66
5 56 62 66
5 58 60 62
5 58 60 64
5 58 60 66
5 58 62 66
5 60 62 66
7 9 25 29
7 9 25 34
7 9 25 36
7 9 25 40
7 9 25 48
7 9 25 52
7 9 25 56
7 9 25 58
7 9 25 60
7 9 25 62
7 9 25 66
7 9 29 34
7 9 29 36
7 9 29 40
7 9 29 42
7 9 29 48
7 9 29 52
7 9 29 56
7 9 29 58
7 9 29 60
7 9 29 62
7 9 29 66
7 9 34 36
7 9 34 40
7 9 34 42
7 9 34 48
7 9 34 52
7 9 34 56
7 9 34 58
7 9 34 60
7 9 34 62
7 9 34 66
7 9 36 40
7 9 36 42
7 9 36 48
7 9 36 52
7 9 36 56
7 9 36 58
7 9 36 60
7 9 36 62
7 9 36 66
7 9 40 42
7 9 40 48
7 9 40 52
7 9 40 56
7 9 40 58
7 9 40 60
7 9 40 62
7 9 40 66
7 9 42 48
7 9 42 52
7 9 42 56
7 9 42 58
7 9 42 60
7 9 42 62
7 9 42 66
7 9 48 52
7 9 48 56
7 9 48 58
7 9 48 60
7 9 48 62
7 9 48 66
7 9 52 56
7 9 52 58
7 9 52 60
7 9 52 62
7 9 52 66
7 9 56 58
7 9 56 60
7 9 56 62
7 9 56 66
7 9 58 60
7 9 58 62
7 9 58 66
7 9 60 62
7 9 60 66
7 9 62 66
7 17 29 36
7 17 29 40
7 17 29 52
7 17 29 58
7 17 29 60
7 17 36 40
7 17 36 52
7 17 36 58
7 17 36 60
7 17 40 52
7 17 40 58
7 17 40 60
7 17 52 58
7 17 52 60
7 17 58 60
7 25 29 34
7 25 29 36
7 25 29 40
7 25 29 42
7 25 29 48
7 25 29 52
7 25 29 56
7 25 29 58
7 25 29 60
7 25 29 62
7 25 29 66
7 25 34 36
7 25 34 40
7 25 34 42
7 25 34 48
7 25 34 52
7 25 34 56
7 25 34 58
7 25 34 60
7 25 34 62
7 25 34 66
7 25 36 40
7 25 36 42
7 25 36 48
7 25 36 52
7 25 36 56
7 25 36 58
7 25 36 60
7 25 36 62
7 25 36 66
7 25 40 42
7 25 40 48
7 25 40 52
7 25 40 56
7 25 40 58
7 25 40 60
7 25 40 62
7 25 40 66
7 25 42 48
7 25 42 52
7 25 42 56
7 25 42 58
7 25 42 60
7 25 42 62
7 25 42 66
7 25 48 52
7 25 48 56
7 25 48 58
7 25 48 60
7 25 48 62
7 25 48 66
7 25 52 56
7 25 52 58
7 25 52 60
7 25 52 62
7 25 52 66
7 25 56 58
7 25 56 60
7 25 56 62
7 25 56 66
7 25 58 60
7 25 58 62
7 25 58 66
7 25 60 62
7 25 60 66
7 25 62 66
7 29 31 40
7 29 31 52
7 29 31 58
7 29 31 60
7 29 34 36
7 29 34 40
7 29 34 42
7 29 34 48
7 29 34 52
7 29 34 56
7 29 34 58
7 29 34 60
7 29 34 62
7 29 34 64
7 29 34 66
7 29 36 40
7 29 36 42
7 29 36 44
7 29 36 48
7 29 36 52
7 29 36 56
7 29 36 58
7 29 36 60
7 29 36 62
7 29 36 64
7 29 36 66
7 29 40 42
7 29 40 44
7 29 40 46
7 29 40 48
7 29 40 52
7 29 40 56
7 29 40 58
7 29 40 60
7 29 40 62
7 29 40 64
7 29 40 66
7 29 42 48
7 29 42 52
7 29 42 56
7 29 42 58
7 29 42 60
7 29 42 62
7 29 42 66
7 29 44 52
7 29 44 58
7 29 44 60
7 29 44 62
7 29 46 52
7 29 46 58
7 29 46 60
7 29 48 52
7 29 48 56
7 29 48 58
7 29 48 60
7 29 48 62
7 29 48 66
7 29 52 56
7 29 52 58
7 29 52 60
7 29 52 62
7 29 52 64
7 29 52 66
7 29 56 58
7 29 56 60
7 29 56 62
7 29 56 64
7 29 56 66
7 29 58 60
7 29 58 62
7 29 58 64
7 29 58 66
7 29 60 62
7 29 60 64
7 29 60 66
7 29 62 64
7 29 62 66
7 31 36 40
7 31 36 52
7 31 36 58
7 31 36 60
7 31 36 62
7 31 36 66
7 31 40 52
7 31 40 58
7 31 40 60
7 31 40 62
7 31 40 66
7 31 52 58
7 31 52 60
7 31 52 62
7 31 52 66
7 31 58 60
7 31 58 62
7 31 58 66
7 31 60 62
7 31 60 66
7 31 62 66
7 34 36 40
7 34 36 42
7 34 36 44
7 34 36 48
7 34 36 52
7 34 36 56
7 34 36 58
7 34 36 60
7 34 36 62
7 34 36 64
7 34 36 66
7 34 40 42
7 34 40 44
7 34 40 46
7 34 40 48
7 34 40 52
7 34 40 56
7 34 40 58
7 34 40 60
7 34 40 62
7 34 40 64
7 34 40 66
7 34 42 48
7 34 42 52
7 34 42 56
7 34 42 58
7 34 42 60
7 34 42 62
7 34 42 66
7 34 44 52
7 34 44 58
7 34 44 60
7 34 44 62
7 34 46 52
7 34 46 58
7 34 46 60
7 34 48 52
7 34 48 56
7 34 48 58
7 34 48 60
7 34 48 62
7 34 48 66
7 34 52 56
7 34 52 58
7 34 52 60
7 34 52 62
7 34 52 64
7 34 52 66
7 34 56 58
7 34 56 60
7 34 56 62
7 34 56 64
7 34 56 66
7 34 58 60
7 34 58 62
7 34 58 64
7 34 58 66
7 34 60 62
7 34 60 64
7 34 60 66
7 34 62 64
7 34 62 66
7 36 40 42
7 36 40 44
7 36 40 46
7 36 40 48
7 36 40 52
7 36 40 56
7 36 40 58
7 36 40 60
7 36 40 62
7 36 40 64
7 36 40 66
7 36 42 48
7 36 42 52
7 36 42 56
7 36 42 58
7 36 42 60
7 36 42 62
7 36 42 66
7 36 44 52
7 36 44 58
7 36 44 60
7 36 44 62
7 36 46 52
7 36 46 58
7 36 46 60
7 36 48 52
7 36 48 56
7 36 48 58
7 36 48 60
7 36 48 62
7 36 48 66
7 36 52 56
7 36 52 58
7 36 52 60
7 36 52 62
7 36 52 64
7 36 52 66
7 36 56 58
7 36 56 60
7 36 56 62
7 36 56 64
7 36 56 66
7 36 58 60
7 36 58 62
7 36 58 64
7 36 58 66
7 36 60 62
7 36 60 64
7 36 60 66
7 36 62 64
7 36 62 66
7 40 42 48
7 40 42 52
7 40 42 56
7 40 42 58
7 40 42 60
7 40 42 62
7 40 42 66
7 40 44 52
7 40 44 58
7 40 44 60
7 40 44 62
7 40 46 52
7 40 46 58
7 40 46 60
7 40 48 52
7 40 48 56
7 40 48 58
7 40 48 60
7 40 48 62
7 40 48 66
7 40 52 56
7 40 52 58
7 40 52 60
7 40 52 62
7 40 52 64
7 40 52 66
7 40 56 58
7 40 56 60
7 40 56 62
7 40 56 64
7 40 56 66
7 40 58 60
7 40 58 62
7 40 58 64
7 40 58 66
7 40 60 62
7 40 60 64
7 40 60 66
7 40 62 64
7 40 62 66
7 42 48 52
7 42 48 56
7 42 48 58
7 42 48 60
7 42 48 62
7 42 48 66
7 42 52 56
7 42 52 58
7 42 52 60
7 42 52 62
7 42 52 64
7 42 52 66
7 42 56 58
7 42 56 60
7 42 56 62
7 42 56 64
7 42 56 66
7 42 58 60
7 42 58 62
7 42 58 64
7 42 58 66
7 42 60 62
7 42 60 64
7 42 60 66
7 42 62 64
7 42 62 66
7 44 48 52
7 44 48 56
7 44 48 58
7 44 48 60
7 44 48 62
7 44 48 66
7 44 52 56
7 44 52 58
7 44 52 60
7 44 52 62
7 44 52 66
7 44 56 58
7 44 56 60
7 44 56 62
7 44 56 66
7 44 58 60
7 44 58 62
7 44 58 66
7 44 60 62
7 44 60 66
7 44 62 66
7 46 48 52
7 46 48 56
7 46 48 58
7 46 48 60
7 46 48 62
7 46 48 66
7 46 52 56
7 46 52 58
7 46 52 60
7 46 52 62
7 46 52 66
7 46 56 58
7 46 56 60
7 46 56 62
7 46 56 66
7 46 58 60
7 46 58 62
7 46 58 66
7 46 60 62
7 46 60 66
7 46 62 66
7 48 52 56
7 48 52 58
7 48 52 60
7 48 52 62
7 48 52 64
7 48 52 66
7 48 56 58
7 48 56 60
7 48 56 62
7 48 56 64
7 48 56 66
7 48 58 60
7 48 58 62
7 48 58 64
7 48 58 66
7 48 60 62
7 48 60 64
7 48 60 66
7 48 62 64
7 48 62 66
7 52 56 58
7 52 56 60
7 52 56 62
7 52 56 64
7 52 56 66
7 52 58 60
7 52 58 62
7 52 58 64
7 52 58 66
7 52 60 62
7 52 60 64
7 52 60 66
7 52 62 64
7 52 62 66
7 56 58 60
7 56 58 62
7 56 58 64
7 56 58 66
7 56 60 62
7 56 60 64
7 56 60 66
7 56 62 64
7 56 62 66
7 58 60 62
7 58 60 64
7 58 60 66
7 58 62 64
7 58 62 66
7 60 62 64
7 60 62 66
9 25 29 34
9 25 29 36
9 25 29 40
9 25 29 42
9 25 29 48
9 25 29 52
9 25 29 56
9 25 29 58
9 25 29 60
9 25 29 62
9 25 29 66
9 25 34 36
9 25 34 40
9 25 34 48
9 25 34 52
9 25 34 56
9 25 34 58
9 25 34 60
9 25 34 62
9 25 34 66
9 25 36 40
9 25 36 48
9 25 36 52
9 25 36 56
9 25 36 58
9 25 36 60
9 25 36 62
9 25 36 66
9 25 40 42
9 25 40 48
9 25 40 52
9 25 40 56
9 25 40 58
9 25 40 60
9 25 40 62
9 25 40 66
9 25 42 52
9 25 42 58
9 25 42 60
9 25 48 52
9 25 48 56
9 25 48 58
9 25 48 60
9 25 48 62
9 25 48 66
9 25 52 56
9 25 52 58
9 25 52 60
9 25 52 62
9 25 52 66
9 25 56 58
9 25 56 60
9 25 56 62
9 25 56 66
9 25 58 60
9 25 58 62
9 25 58 66
9 25 60 62
9 25 60 66
9 25 62 66
9 29 34 36
9 29 34 40
9 29 34 48
9 29 34 52
9 29 34 56
9 29 34 58
9 29 34 60
9 29 34 62
9 29 34 66
9 29 36 40
9 29 36 48
9 29 36 52
9 29 36 56
9 29 36 58
9 29 36 60
9 29 36 62
9 29 36 66
9 29 40 42
9 29 40 48
9 29 40 52
9 29 40 56
9 29 40 58
9 29 40 60
9 29 40 62
9 29 40 66
9 29 42 52
9 29 42 58
9 29 42 60
9 29 48 52
9 29 48 56
9 29 48 58
9 29 48 60
9 29 48 62
9 29 48 66
9 29 52 56
9 29 52 58
9 29 52 60
9 29 52 62
9 29 52 66
9 29 56 58
9 29 56 60
9 29 56 62
9 29 56 66
9 29 58 60
9 29 58 62
9 29 58 66
9 29 60 62
9 29 60 66
9 29 62 66
9 34 36 40
9 34 36 48
9 34 36 52
9 34 36 56
9 34 36 58
9 34 36 60
9 34 36 62
9 34 36 66
9 34 40 42
9 34 40 48
9 34 40 52
9 34 40 56
9 34 40 58
9 34 40 60
9 34 40 62
9 34 40 66
9 34 42 52
9 34 42 58
9 34 42 60
9 34 48 52
9 34 48 56
9 34 48 58
9 34 48 60
9 34 48 62
9 34 48 66
9 34 52 56
9 34 52 58
9 34 52 60
9 34 52 62
9 34 52 66
9 34 56 58
9 34 56 60
9 34 56 62
9 34 56 66
9 34 58 60
9 34 58 62
9 34 58 66
9 34 60 62
9 34 60 66
9 34 62 66
9 36 40 42
9 36 40 48
9 36 40 52
9 36 40 56
9 36 40 58
9 36 40 60
9 36 40 62
9 36 40 66
9 36 42 52
9 36 42 58
9 36 42 60
9 36 48 52
9 36 48 56
9 36 48 58
9 36 48 60
9 36 48 62
9 36 48 66
9 36 52 56
9 36 52 58
9 36 52 60
9 36 52 62
9 36 52 66
9 36 56 58
9 36 56 60
9 36 56 62
9 36 56 66
9 36 58 60
9 36 58 62
9 36 58 66
9 36 60 62
9 36 60 66
9 36 62 66
9 40 42 52
9 40 42 58
9 40 42 60
9 40 48 52
9 40 48 56
9 40 48 58
9 40 48 60
9 40 48 62
9 40 48 66
9 40 52 56
9 40 52 58
9 40 52 60
9 40 52 62
9 40 52 66
9 40 56 58
9 40 56 60
9 40 56 62
9 40 56 66
9 40 58 60
9 40 58 62
9 40 58 66
9 40 60 62
9 40 60 66
9 40 62 66
9 42 48 52
9 42 48 56
9 42 48 58
9 42 48 60
9 42 48 62
9 42 48 66
9 42 52 56
9 42 52 58
9 42 52 60
9 42 52 62
9 42 52 66
9 42 56 58
9 42 56 60
9 42 56 62
9 42 56 66
9 42 58 60
9 42 58 62
9 42 58 66
9 42 60 62
9 42 60 66
9 42 62 66
9 48 52 56
9 48 52 58
9 48 52 60
9 48 52 62
9 48 52 66
9 48 56 58
9 48 56 60
9 48 56 62
9 48 56 66
9 48 58 60
9 48 58 62
9 48 58 66
9 48 60 62
9 48 60 66
9 48 62 66
9 52 56 58
9 52 56 60
9 52 56 62
9 52 56 66
9 52 58 60
9 52 58 62
9 52 58 66
9 52 60 62
9 52 60 66
9 52 62 66
9 56 58 60
9 56 58 62
9 56 58 66
9 56 60 62
9 56 60 66
9 56 62 66
9 58 60 62
9 58 60 66
9 58 62 66
9 60 62 66
17 29 36 58
17 29 40 52
17 29 40 58
17 29 40 60
17 29 52 58
17 29 52 60
17 29 58 60
17 36 40 52
17 36 40 58
17 36 40 60
17 36 52 58
17 36 52 60
17 36 58 60
17 40 52 58
17 40 52 60
17 40 58 60
17 52 58 60
25 29 34 36
25 29 34 40
25 29 34 48
25 29 34 52
25 29 34 56
25 29 34 58
25 29 34 60
25 29 34 62
25 29 34 66
25 29 36 40
25 29 36 48
25 29 36 52
25 29 36 56
25 29 36 58
25 29 36 60
25 29 36 62
25 29 36 66
25 29 40 42
25 29 40 48
25 29 40 52
25 29 40 56
25 29 40 58
25 29 40 60
25 29 40 62
25 29 40 66
25 29 42 52
25 29 42 58
25 29 42 60
25 29 48 52
25 29 48 56
25 29 48 58
25 29 48 60
25 29 48 62
25 29 48 66
25 29 52 56
25 29 52 58
25 29 52 60
25 29 52 62
25 29 52 66
25 29 56 58
25 29 56 60
25 29 56 62
25 29 56 66
25 29 58 60
25 29 58 62
25 29 58 66
25 29 60 62
25 29 60 66
25 29 62 66
25 34 36 40
25 34 36 48
25 34 36 52
25 34 36 56
25 34 36 58
25 34 36 60
25 34 36 62
25 34 36 66
25 34 40 42
25 34 40 48
25 34 40 52
25 34 40 56
25 34 40 58
25 34 40 60
25 34 40 62
25 34 40 66
25 34 42 52
25 34 42 58
25 34 42 60
25 34 48 52
25 34 48 56
25 34 48 58
25 34 48 60
25 34 48 62
25 34 48 66
25 34 52 56
25 34 52 58
25 34 52 60
25 34 52 62
25 34 52 66
25 34 56 58
25 34 56 60
25 34 56 62
25 34 56 66
25 34 58 60
25 34 58 62
25 34 58 66
25 34 60 62
25 34 60 66
25 34 62 66
25 36 40 42
25 36 40 48
25 36 40 52
25 36 40 56
25 36 40 58
25 36 40 60
25 36 40 62
25 36 40 66
25 36 42 52
25 36 42 58
25 36 42 60
25 36 48 52
25 36 48 56
25 36 48 58
25 36 48 60
25 36 48 62
25 36 48 66
25 36 52 56
25 36 52 58
25 36 52 60
25 36 52 62
25 36 52 66
25 36 56 58
25 36 56 60
25 36 56 62
25 36 56 66
25 36 58 60
25 36 58 62
25 36 58 66
25 36 60 62
25 36 60 66
25 36 62 66
25 40 42 52
25 40 42 58
25 40 42 60
25 40 48 52
25 40 48 56
25 40 48 58
25 40 48 60
25 40 48 62
25 40 48 66
25 40 52 56
25 40 52 58
25 40 52 60
25 40 52 62
25 40 52 66
25 40 56 58
25 40 56 60
25 40 56 62
25 40 56 66
25 40 58 60
25 40 58 62
25 40 58 66
25 40 60 62
25 40 60 66
25 40 62 66
25 42 48 52
25 42 48 56
25 42 48 58
25 42 48 60
25 42 48 62
25 42 48 66
25 42 52 56
25 42 52 58
25 42 52 60
25 42 52 62
25 42 52 66
25 42 56 58
25 42 56 60
25 42 56 62
25 42 56 66
25 42 58 60
25 42 58 62
25 42 58 66
25 42 60 62
25 42 60 66
25 42 62 66
25 48 52 56
25 48 52 58
25 48 52 60
25 48 52 62
25 48 52 66
25 48 56 58
25 48 56 60
25 48 56 62
25 48 56 66
25 48 58 60
25 48 58 62
25 48 58 66
25 48 60 62
25 48 60 66
25 48 62 66
25 52 56 58
25 52 56 60
25 52 56 62
25 52 56 66
25 52 58 60
25 52 58 62
25 52 58 66
25 52 60 62
25 52 60 66
25 52 62 66
25 56 58 60
25 56 58 62
25 56 58 66
25 56 60 62
25 56 60 66
25 56 62 66
25 58 60 62
25 58 60 66
25 58 62 66
25 60 62 66
29 31 36 40
29 31 36 52
29 31 36 58
29 31 36 60
29 31 36 62
29 31 36 66
29 31 40 52
29 31 40 58
29 31 40 60
29 31 40 62
29 31 40 66
29 31 52 58
29 31 52 60
29 31 52 62
29 31 52 66
29 31 58 60
29 31 58 62
29 31 58 66
29 31 60 62
29 31 60 66
29 31 62 66
29 34 36 40
29 34 36 42
29 34 36 44
29 34 36 46
29 34 36 48
29 34 36 52
29 34 36 56
29 34 36 58
29 34 36 60
29 34 36 62
29 34 36 64
29 34 36 66
29 34 40 42
29 34 40 44
29 34 40 46
29 34 40 48
29 34 40 52
29 34 40 56
29 34 40 58
29 34 40 60
29 34 40 62
29 34 40 64
29 34 40 66
29 34 42 48
29 34 42 52
29 34 42 56
29 34 42 58
29 34 42 60
29 34 42 62
29 34 42 64
29 34 42 66
29 34 44 48
29 34 44 52
29 34 44 56
29 34 44 58
29 34 44 60
29 34 44 62
29 34 44 66
29 34 46 52
29 34 46 58
29 34 46 60
29 34 46 62
29 34 46 66
29 34 48 52
29 34 48 56
29 34 48 58
29 34 48 60
29 34 48 62
29 34 48 64
29 34 48 66
29 34 52 56
29 34 52 58
29 34 52 60
29 34 52 62
29 34 52 64
29 34 52 66
29 34 56 58
29 34 56 60
29 34 56 62
29 34 56 64
29 34 56 66
29 34 58 60
29 34 58 62
29 34 58 64
29 34 58 66
29 34 60 62
29 34 60 64
29 34 60 66
29 34 62 64
29 34 62 66
29 34 64 66
29 36 40 42
29 36 40 44
29 36 40 46
29 36 40 48
29 36 40 52
29 36 40 56
29 36 40 58
29 36 40 60
29 36 40 62
29 36 40 64
29 36 40 66
29 36 42 48
29 36 42 52
29 36 42 56
29 36 42 58
29 36 42 60
29 36 42 62
29 36 42 64
29 36 42 66
29 36 44 48
29 36 44 52
29 36 44 56
29 36 44 58
29 36 44 60
29 36 44 62
29 36 44 66
29 36 46 52
29 36 46 58
29 36 46 60
29 36 46 62
29 36 46 66
29 36 48 52
29 36 48 56
29 36 48 58
29 36 48 60
29 36 48 62
29 36 48 64
29 36 48 66
29 36 52 56
29 36 52 58
29 36 52 60
29 36 52 62
29 36 52 64
29 36 52 66
29 36 56 58
29 36 56 60
29 36 56 62
29 36 56 64
29 36 56 66
29 36 58 60
29 36 58 62
29 36 58 64
29 36 58 66
29 36 60 62
29 36 60 64
29 36 60 66
29 36 62 64
29 36 62 66
29 36 64 66
29 40 42 48
29 40 42 52
29 40 42 56
29 40 42 58
29 40 42 60
29 40 42 62
29 40 42 64
29 40 42 66
29 40 44 48
29 40 44 52
29 40 44 56
29 40 44 58
29 40 44 60
29 40 44 62
29 40 44 66
29 40 46 52
29 40 46 58
29 40 46 60
29 40 46 62
29 40 46 66
29 40 48 52
29 40 48 56
29 40 48 58
29 40 48 60
29 40 48 62
29 40 48 64
29 40 48 66
29 40 52 56
29 40 52 58
29 40 52 60
29 40 52 62
29 40 52 64
29 40 52 66
29 40 56 58
29 40 56 60
29 40 56 62
29 40 56 64
29 40 56 66
29 40 58 60
29 40 58 62
29 40 58 64
29 40 58 66
29 40 60 62
29 40 60 64
29 40 60 66
29 40 62 64
29 40 62 66
29 40 64 66
29 42 48 52
29 42 48 56
29 42 48 58
29 42 48 60
29 42 48 62
29 42 48 64
29 42 48 66
29 42 52 56
29 42 52 58
29 42 52 60
29 42 52 62
29 42 52 64
29 42 52 66
29 42 56 58
29 42 56 60
29 42 56 62
29 42 56 64
29 42 56 66
29 42 58 60
29 42 58 62
29 42 58 64
29 42 58 66
29 42 60 62
29 42 60 64
29 42 60 66
29 42 62 64
29 42 62 66
29 42 64 66
29 44 48 52
29 44 48 56
29 44 48 58
29 44 48 60
29 44 48 62
29 44 48 66
29 44 52 56
29 44 52 58
29 44 52 60
29 44 52 62
29 44 52 66
29 44 56 58
29 44 56 60
29 44 56 62
29 44 56 66
29 44 58 60
29 44 58 62
29 44 58 66
29 44 60 62
29 44 60 66
29 44 62 66
29 46 48 52
29 46 48 56
29 46 48 58
29 46 48 60
29 46 48 62
29 46 48 66
29 46 52 56
29 46 52 58
29 46 52 60
29 46 52 62
29 46 52 66
29 46 56 58
29 46 56 60
29 46 56 62
29 46 56 66
29 46 58 60
29 46 58 62
29 46 58 66
29 46 60 62
29 46 60 66
29 46 62 66
29 48 52 56
29 48 52 58
29 48 52 60
29 48 52 62
29 48 52 64
29 48 52 66
29 48 56 58
29 48 56 60
29 48 56 62
29 48 56 64
29 48 56 66
29 48 58 60
29 48 58 62
29 48 58 64
29 48 58 66
29 48 60 62
29 48 60 64
29 48 60 66
29 48 62 64
29 48 62 66
29 48 64 66
29 52 56 58
29 52 56 60
29 52 56 62
29 52 56 64
29 52 56 66
29 52 58 60
29 52 58 62
29 52 58 64
29 52 58 66
29 52 60 62
29 52 60 64
29 52 60 66
29 52 62 64
29 52 62 66
29 52 64 66
29 56 58 60
29 56 58 62
29 56 58 64
29 56 58 66
29 56 60 62
29 56 60 64
29 56 60 66
29 56 62 64
29 56 62 66
29 56 64 66
29 58 60 62
29 58 60 64
29 58 60 66
29 58 62 64
29 58 62 66
29 58 64 66
29 60 62 64
29 60 62 66
29 60 64 66
29 62 64 66
31 36 40 52
31 36 40 58
31 36 40 60
31 36 40 62
31 36 40 66
31 36 52 58
31 36 52 60
31 36 52 62
31 36 52 66
31 36 58 60
31 36 58 62
31 36 58 66
31 36 60 66
31 40 52 58
31 40 52 60
31 40 52 62
31 40 52 66
31 40 58 60
31 40 58 62
31 40 58 66
31 40 60 66
31 52 58 60
31 52 58 62
31 52 58 66
31 52 60 66
31 58 60 66
34 36 40 42
34 36 40 44
34 36 40 46
34 36 40 48
34 36 40 52
34 36 40 56
34 36 40 58
34 36 40 60
34 36 40 62
34 36 40 64
34 36 40 66
34 36 42 48
34 36 42 52
34 36 42 56
34 36 42 58
34 36 42 60
34 36 42 62
34 36 42 66
34 36 44 52
34 36 44 58
34 36 44 60
34 36 46 52
34 36 46 58
34 36 48 52
34 36 48 56
34 36 48 58
34 36 48 60
34 36 48 62
34 36 48 66
34 36 52 56
34 36 52 58
34 36 52 60
34 36 52 62
34 36 52 64
34 36 52 66
34 36 56 58
34 36 56 60
34 36 56 62
34 36 56 64
34 36 56 66
34 36 58 60
34 36 58 62
34 36 58 64
34 36 58 66
34 36 60 62
34 36 60 64
34 36 60 66
34 36 62 64
34 36 62 66
34 36 64 66
34 40 42 48
34 40 42 52
34 40 42 56
34 40 42 58
34 40 42 60
34 40 42 62
34 40 42 66
34 40 44 52
34 40 44 58
34 40 44 60
34 40 46 52
34 40 46 58
34 40 48 52
34 40 48 56
34 40 48 58
34 40 48 60
34 40 48 62
34 40 48 66
34 40 52 56
34 40 52 58
34 40 52 60
34 40 52 62
34 40 52 64
34 40 52 66
34 40 56 58
34 40 56 60
34 40 56 62
34 40 56 64
34 40 56 66
34 40 58 60
34 40 58 62
34 40 58 64
34 40 58 66
34 40 60 62
34 40 60 64
34 40 60 66
34 40 62 64
34 40 62 66
34 40 64 66
34 42 48 52
34 42 48 56
34 42 48 58
34 42 48 60
34 42 48 62
34 42 48 66
34 42 52 56
34 42 52 58
34 42 52 60
34 42 52 62
34 42 52 64
34 42 52 66
34 42 56 58
34 42 56 60
34 42 56 62
34 42 56 64
34 42 56 66
34 42 58 60
34 42 58 62
34 42 58 64
34 42 58 66
34 42 60 62
34 42 60 64
34 42 60 66
34 42 62 64
34 42 62 66
34 42 64 66
34 44 48 52
34 44 48 56
34 44 48 58
34 44 48 60
34 44 48 62
34 44 48 66
34 44 52 56
34 44 52 58
34 44 52 60
34 44 52 62
34 44 52 66
34 44 56 58
34 44 56 60
34 44 56 62
34 44 56 66
34 44 58 60
34 44 58 62
34 44 58 66
34 44 60 62
34 44 60 66
34 44 62 66
34 46 48 52
34 46 48 56
34 46 48 58
34 46 48 60
34 46 48 62
34 46 48 66
34 46 52 56
34 46 52 58
34 46 52 60
34 46 52 62
34 46 52 66
34 46 56 58
34 46 56 60
34 46 56 62
34 46 56 66
34 46 58 60
34 46 58 62
34 46 58 66
34 46 60 62
34 46 60 66
34 46 62 66
34 48 52 56
34 48 52 58
34 48 52 60
34 48 52 62
34 48 52 64
34 48 52 66
34 48 56 58
34 48 56 60
34 48 56 62
34 48 56 64
34 48 56 66
34 48 58 60
34 48 58 62
34 48 58 64
34 48 58 66
34 48 60 62
34 48 60 64
34 48 60 66
34 48 62 64
34 48 62 66
34 48 64 66
34 52 56 58
34 52 56 60
34 52 56 62
34 52 56 64
34 52 56 66
34 52 58 60
34 52 58 62
34 52 58 64
34 52 58 66
34 52 60 62
34 52 60 64
34 52 60 66
34 52 62 64
34 52 62 66
34 52 64 66
34 56 58 60
34 56 58 62
34 56 58 64
34 56 58 66
34 56 60 62
34 56 60 64
34 56 60 66
34 56 62 64
34 56 62 66
34 56 64 66
34 58 60 62
34 58 60 64
34 58 60 66
34 58 62 64
34 58 62 66
34 58 64 66
34 60 62 64
34 60 62 66
34 60 64 66
34 62 64 66
36 40 42 48
36 40 42 52
36 40 42 56
36 40 42 58
36 40 42 60
36 40 42 62
36 40 42 66
36 40 44 48
36 40 44 52
36 40 44 58
36 40 44 60
36 40 44 62
36 40 46 52
36 40 46 58
36 40 46 60
36 40 48 52
36 40 48 56
36 40 48 58
36 40 48 60
36 40 48 62
36 40 48 64
36 40 48 66
36 40 52 56
36 40 52 58
36 40 52 60
36 40 52 62
36 40 52 64
36 40 52 66
36 40 56 58
36 40 56 60
36 40 56 62
36 40 56 64
36 40 56 66
36 40 58 60
36 40 58 62
36 40 58 64
36 40 58 66
36 40 60 62
36 40 60 64
36 40 60 66
36 40 62 64
36 40 62 66
36 40 64 66
36 42 48 52
36 42 48 56
36 42 48 58
36 42 48 60
36 42 48 62
36 42 48 64
36 42 48 66
36 42 52 56
36 42 52 58
36 42 52 60
36 42 52 62
36 42 52 64
36 42 52 66
36 42 56 58
36 42 56 60
36 42 56 62
36 42 56 64
36 42 56 66
36 42 58 60
36 42 58 62
36 42 58 64
36 42 58 66
36 42 60 62
36 42 60 64
36 42 60 66
36 42 62 64
36 42 62 66
36 42 64 66
36 44 48 52
36 44 48 56
36 44 48 58
36 44 48 60
36 44 48 62
36 44 48 66
36 44 52 56
36 44 52 58
36 44 52 60
36 44 52 62
36 44 52 66
36 44 56 58
36 44 56 60
36 44 56 62
36 44 56 66
36 44 58 60
36 44 58 62
36 44 58 66
36 44 60 62
36 44 60 66
36 44 62 66
36 46 48 52
36 46 48 56
36 46 48 58
36 46 48 60
36 46 48 62
36 46 48 66
36 46 52 56
36 46 52 58
36 46 52 60
36 46 52 62
36 46 52 66
36 46 56 58
36 46 56 60
36 46 56 62
36 46 56 66
36 46 58 60
36 46 58 62
36 46 58 66
36 46 60 62
36 46 60 66
36 46 62 66
36 48 52 56
36 48 52 58
36 48 52 60
36 48 52 62
36 48 52 64
36 48 52 66
36 48 56 58
36 48 56 60
36 48 56 62
36 48 56 64
36 48 56 66
36 48 58 60
36 48 58 62
36 48 58 64
36 48 58 66
36 48 60 62
36 48 60 64
36 48 60 66
36 48 62 64
36 48 62 66
36 48 64 66
36 52 56 58
36 52 56 60
36 52 56 62
36 52 56 64
36 52 56 66
36 52 58 60
36 52 58 62
36 52 58 64
36 52 58 66
36 52 60 62
36 52 60 64
36 52 60 66
36 52 62 64
36 52 62 66
36 52 64 66
36 56 58 60
36 56 58 62
36 56 58 64
36 56 58 66
36 56 60 62
36 56 60 64
36 56 60 66
36 56 62 64
36 56 62 66
36 56 64 66
36 58 60 62
36 58 60 64
36 58 60 66
36 58 62 64
36 58 62 66
36 58 64 66
36 60 62 64
36 60 62 66
36 60 64 66
36 62 64 66
40 42 48 52
40 42 48 56
40 42 48 58
40 42 48 60
40 42 48 62
40 42 48 64
40 42 48 66
40 42 52 56
40 42 52 58
40 42 52 60
40 42 52 62
40 42 52 64
40 42 52 66
40 42 56 58
40 42 56 60
40 42 56 62
40 42 56 64
40 42 56 66
40 42 58 60
40 42 58 62
40 42 58 64
40 42 58 66
40 42 60 62
40 42 60 64
40 42 60 66
40 42 62 64
40 42 62 66
40 42 64 66
40 44 48 52
40 44 48 56
40 44 48 58
40 44 48 60
40 44 48 62
40 44 48 66
40 44 52 56
40 44 52 58
40 44 52 60
40 44 52 62
40 44 52 66
40 44 56 58
40 44 56 60
40 44 56 62
40 44 56 66
40 44 58 60
40 44 58 62
40 44 58 66
40 44 60 62
40 44 60 66
40 44 62 66
40 46 48 52
40 46 48 56
40 46 48 58
40 46 48 60
40 46 48 62
40 46 48 66
40 46 52 56
40 46 52 58
40 46 52 60
40 46 52 62
40 46 52 66
40 46 56 58
40 46 56 60
40 46 56 62
40 46 56 66
40 46 58 60
40 46 58 62
40 46 58 66
40 46 60 62
40 46 60 66
40 46 62 66
40 48 52 56
40 48 52 58
40 48 52 60
40 48 52 62
40 48 52 64
40 48 52 66
40 48 56 58
40 48 56 60
40 48 56 62
40 48 56 64
40 48 56 66
40 48 58 60
40 48 58 62
40 48 58 64
40 48 58 66
40 48 60 62
40 48 60 64
40 48 60 66
40 48 62 64
40 48 62 66
40 48 64 66
40 52 56 58
40 52 56 60
40 52 56 62
40 52 56 64
40 52 56 66
40 52 58 60
40 52 58 62
40 52 58 64
40 52 58 66
40 52 60 62
40 52 60 64
40 52 60 66
40 52 62 64
40 52 62 66
40 52 64 66
40 56 58 60
40 56 58 62
40 56 58 64
40 56 58 66
40 56 60 62
40 56 60 64
40 56 60 66
40 56 62 64
40 56 62 66
40 56 64 66
40 58 60 62
40 58 60 64
40 58 60 66
40 58 62 64
40 58 62 66
40 58 64 66
40 60 62 64
40 60 62 66
40 60 64 66
40 62 64 66
42 48 52 56
42 48 52 58
42 48 52 60
42 48 52 62
42 48 52 64
42 48 52 66
42 48 56 58
42 48 56 60
42 48 56 62
42 48 56 66
42 48 58 60
42 48 58 62
42 48 58 64
42 48 58 66
42 48 60 62
42 48 60 64
42 48 60 66
42 48 62 66
42 52 56 58
42 52 56 60
42 52 56 62
42 52 56 66
42 52 58 60
42 52 58 62
42 52 58 64
42 52 58 66
42 52 60 62
42 52 60 64
42 52 60 66
42 52 62 66
42 56 58 60
42 56 58 62
42 56 58 64
42 56 58 66
42 56 60 62
42 56 60 64
42 56 60 66
42 56 62 66
42 58 60 62
42 58 60 64
42 58 60 66
42 58 62 66
42 60 62 66
44 48 52 56
44 48 52 58
44 48 52 60
44 48 52 62
44 48 52 66
44 48 56 58
44 48 56 60
44 48 56 62
44 48 58 60
44 48 58 62
44 48 58 66
44 48 60 62
44 48 60 66
44 52 56 58
44 52 56 60
44 52 56 62
44 52 58 60
44 52 58 62
44 52 58 66
44 52 60 62
44 52 60 66
44 56 58 60
44 56 58 62
44 56 58 66
44 56 60 62
44 56 60 66
44 58 60 62
44 58 60 66
46 48 52 56
46 48 52 58
46 48 52 60
46 48 52 62
46 48 52 66
46 48 56 58
46 48 58 60
46 48 58 62
46 48 58 66
46 48 60 62
46 48 60 66
46 52 56 58
46 52 58 60
46 52 58 62
46 52 58 66
46 52 60 62
46 52 60 66
46 56 58 60
46 56 58 62
46 56 58 66
46 56 60 62
46 56 60 66
46 58 60 62
46 58 60 66
48 52 56 58
48 52 56 60
48 52 56 62
48 52 56 66
48 52 58 60
48 52 58 62
48 52 58 64
48 52 58 66
48 52 60 62
48 52 60 64
48 52 60 66
48 52 62 66
48 56 58 60
48 56 58 62
48 56 58 64
48 56 58 66
48 56 60 62
48 56 60 64
48 56 60 66
48 56 62 66
48 58 60 62
48 58 60 64
48 58 60 66
48 58 62 66
48 60 62 66
52 56 58 60
52 56 58 62
52 56 58 64
52 56 58 66
52 56 60 62
52 56 60 64
52 56 60 66
52 56 62 64
52 56 62 66
52 56 64 66
52 58 60 62
52 58 60 64
52 58 60 66
52 58 62 64
52 58 62 66
52 58 64 66
52 60 62 64
52 60 62 66
52 60 64 66
52 62 64 66
56 58 60 62
56 58 60 64
56 58 60 66
56 58 62 64
56 58 62 66
56 60 62 64
56 60 62 66
58 60 62 64
58 60 62 66
58 60 64 66
58 62 64 66
60 62 64 66
