Min support: 0.004
Elapsed time: 3568.1155506
Frequent itemsets has 220 itemsets
11
20
24
26
27
30
33
49
67
69
83
94
101
111
170
175
179
200
219
222
225
231
235
236
246
247
249
260
266
267
270
272
274
276
278
281
283
284
300
304
307
308
313
321
326
334
338
340
352
355
357
370
377
378
382
383
386
387
391
401
404
408
410
422
426
434
435
443
446
447
448
459
468
469
470
473
486
489
492
497
501
502
520
522
528
545
558
575
580
584
599
602
604
606
610
614
617
625
631
634
640
650
685
701
705
728
749
751
753
756
772
795
813
824
831
839
844
852
878
879
882
888
889
890
891
902
903
916
918
922
923
924
925
926
932
937
946
962
963
967
988
992
1001
1007
1012
1045
1048
1081
1104
1110
1146
1160
1161
1163
1177
1180
1210
1217
1220
1224
1257
1261
1264
1268
1278
1281
1282
1291
1292
1293
1296
1308
1314
1315
1333
1338
1340
1347
1348
1350
1351
1359
1362
1368
1373
1378
1380
1384
1386
1389
1390
1394
1398
1399
1406
1407
1409
1423
1426
1432
1436
1439
1442
1444
1451
1456
1459
1464
1472
1473
1487
1497
1508
1511
1518
1521
1522
1526
1531
1547
