Min support: 0.4
Elapsed time: 160.316422
Frequent itemsets has 527 itemsets
1
2
5
23
24
31
36
38
41
55
56
57
67
71
79
88
90
94
97
104
120
1 31
1 36
1 41
1 67
1 71
1 90
1 94
1 97
2 36
2 38
2 90
2 94
2 97
5 36
5 90
5 94
5 97
23 36
23 90
23 94
24 36
24 38
24 90
24 94
24 97
31 36
31 41
31 90
31 94
36 38
36 41
36 56
36 57
36 67
36 71
36 79
36 88
36 90
36 94
36 97
36 104
36 120
38 41
38 56
38 57
38 67
38 71
38 90
38 94
38 97
38 104
38 120
41 57
41 67
41 71
41 90
41 94
41 97
55 90
56 90
56 94
56 97
57 90
57 94
57 97
67 71
67 79
67 88
67 90
67 94
67 97
67 104
71 90
71 94
71 97
71 104
79 88
79 90
79 94
79 97
88 90
88 94
88 97
90 94
90 97
90 104
90 120
94 97
94 104
94 120
97 104
97 120
1 31 36
1 31 41
1 31 90
1 31 94
1 36 41
1 36 67
1 36 71
1 36 90
1 36 94
1 36 97
1 41 67
1 41 71
1 41 90
1 41 94
1 41 97
1 67 71
1 67 90
1 67 94
1 67 97
1 71 90
1 71 94
1 71 97
1 90 94
1 90 97
1 94 97
2 36 38
2 36 90
2 36 94
2 36 97
2 38 90
2 38 94
2 38 97
2 90 94
2 90 97
2 94 97
5 36 90
5 36 94
5 36 97
5 90 94
5 90 97
5 94 97
23 36 90
23 36 94
23 90 94
24 36 38
24 36 90
24 36 94
24 36 97
24 38 90
24 38 94
24 38 97
24 90 94
24 90 97
24 94 97
31 36 41
31 36 90
31 36 94
31 41 90
31 41 94
31 90 94
36 38 41
36 38 56
36 38 57
36 38 67
36 38 71
36 38 90
36 38 94
36 38 97
36 38 104
36 38 120
36 41 57
36 41 67
36 41 71
36 41 90
36 41 94
36 41 97
36 56 90
36 56 94
36 56 97
36 57 90
36 57 94
36 57 97
36 67 71
36 67 79
36 67 88
36 67 90
36 67 94
36 67 97
36 67 104
36 71 90
36 71 94
36 71 97
36 71 104
36 79 88
36 79 90
36 79 94
36 79 97
36 88 90
36 88 94
36 88 97
36 90 94
36 90 97
36 90 104
36 90 120
36 94 97
36 94 104
36 94 120
36 97 104
36 97 120
38 41 57
38 41 67
38 41 71
38 41 90
38 41 94
38 41 97
38 56 90
38 56 94
38 56 97
38 57 90
38 57 94
38 57 97
38 67 71
38 67 90
38 67 94
38 67 97
38 67 104
38 71 90
38 71 94
38 71 97
38 71 104
38 90 94
38 90 97
38 90 104
38 90 120
38 94 97
38 94 104
38 94 120
38 97 104
38 97 120
41 57 90
41 57 94
41 57 97
41 67 71
41 67 90
41 67 94
41 67 97
41 71 90
41 71 94
41 71 97
41 90 94
41 90 97
41 94 97
56 90 94
56 90 97
56 94 97
57 90 94
57 90 97
57 94 97
67 71 90
67 71 94
67 71 97
67 71 104
67 79 88
67 79 90
67 79 94
67 79 97
67 88 90
67 88 94
67 88 97
67 90 94
67 90 97
67 90 104
67 94 97
67 94 104
67 97 104
71 90 94
71 90 97
71 90 104
71 94 97
71 94 104
71 97 104
79 88 90
79 88 94
79 88 97
79 90 94
79 90 97
79 94 97
88 90 94
88 90 97
88 94 97
90 94 97
90 94 104
90 94 120
90 97 104
90 97 120
94 97 104
94 97 120
1 31 36 41
1 31 36 90
1 31 36 94
1 31 41 90
1 31 41 94
1 31 90 94
1 36 41 67
1 36 41 90
1 36 41 94
1 36 41 97
1 36 67 90
1 36 67 94
1 36 67 97
1 36 71 90
1 36 90 94
1 36 90 97
1 36 94 97
1 41 67 90
1 41 67 94
1 41 67 97
1 41 71 90
1 41 90 94
1 41 90 97
1 41 94 97
1 67 71 90
1 67 90 94
1 67 90 97
1 67 94 97
1 71 90 94
1 71 90 97
1 71 94 97
1 90 94 97
2 36 38 90
2 36 38 94
2 36 38 97
2 36 90 94
2 36 90 97
2 36 94 97
2 38 90 94
2 38 90 97
2 38 94 97
2 90 94 97
5 36 90 94
5 36 90 97
5 36 94 97
5 90 94 97
23 36 90 94
24 36 38 90
24 36 38 97
24 36 90 94
24 36 90 97
24 36 94 97
24 38 90 94
24 38 90 97
24 38 94 97
24 90 94 97
31 36 41 90
31 36 90 94
31 41 90 94
36 38 41 57
36 38 41 67
36 38 41 90
36 38 41 94
36 38 41 97
36 38 56 90
36 38 56 94
36 38 56 97
36 38 57 90
36 38 57 94
36 38 57 97
36 38 67 71
36 38 67 90
36 38 67 94
36 38 67 97
36 38 67 104
36 38 71 90
36 38 71 94
36 38 71 97
36 38 90 94
36 38 90 97
36 38 90 104
36 38 90 120
36 38 94 97
36 38 94 104
36 38 94 120
36 38 97 104
36 38 97 120
36 41 57 90
36 41 57 94
36 41 57 97
36 41 67 71
36 41 67 90
36 41 67 94
36 41 67 97
36 41 71 90
36 41 71 94
36 41 71 97
36 41 90 94
36 41 90 97
36 41 94 97
36 56 90 94
36 56 90 97
36 56 94 97
36 57 90 94
36 57 90 97
36 57 94 97
36 67 71 90
36 67 71 94
36 67 71 97
36 67 79 88
36 67 79 90
36 67 79 94
36 67 79 97
36 67 88 90
36 67 88 94
36 67 88 97
36 67 90 94
36 67 90 97
36 67 90 104
36 67 94 97
36 67 94 104
36 67 97 104
36 71 90 94
36 71 90 97
36 71 90 104
36 71 94 97
36 71 94 104
36 71 97 104
36 79 88 90
36 79 88 94
36 79 88 97
36 79 90 94
36 79 90 97
36 79 94 97
36 88 90 94
36 88 90 97
36 88 94 97
36 90 94 97
36 90 94 104
36 90 94 120
36 90 97 104
36 90 97 120
36 94 97 104
36 94 97 120
38 41 57 90
38 41 57 94
38 41 57 97
38 41 67 71
38 41 67 90
38 41 67 94
38 41 67 97
38 41 71 90
38 41 71 94
38 41 71 97
38 41 90 94
38 41 90 97
38 41 94 97
38 56 90 94
38 56 90 97
38 56 94 97
38 57 90 94
38 57 90 97
38 57 94 97
38 67 71 90
38 67 71 94
38 67 71 97
38 67 90 94
38 67 90 97
38 67 90 104
38 67 94 97
38 71 90 94
38 71 90 97
38 71 90 104
38 71 94 97
38 90 94 97
38 90 94 120
38 90 97 120
38 94 97 120
41 57 90 94
41 57 90 97
41 57 94 97
41 67 71 90
41 67 90 94
41 67 90 97
41 67 94 97
41 71 90 94
41 71 90 97
41 71 94 97
41 90 94 97
56 90 94 97
57 90 94 97
67 71 90 94
67 71 90 97
67 71 90 104
67 71 94 97
67 71 94 104
67 71 97 104
67 79 88 90
67 79 88 94
67 79 90 94
67 79 90 97
67 79 94 97
67 88 90 94
67 88 90 97
67 88 94 97
67 90 94 97
67 90 94 104
67 90 97 104
67 94 97 104
71 90 94 97
79 88 90 94
79 88 90 97
79 88 94 97
79 90 94 97
88 90 94 97
90 94 97 104
90 94 97 120
