Min support: 0.01
Elapsed time: 199.6887236
Frequent itemsets has 159 itemsets
[10]
[20]
[32]
[33]
[37]
[38]
[39]
[40]
[42]
[46]
[49]
[50]
[61]
[66]
[79]
[80]
[90]
[102]
[111]
[118]
[124]
[148]
[162]
[171]
[176]
[180]
[186]
[202]
[226]
[238]
[243]
[250]
[256]
[259]
[265]
[271]
[272]
[287]
[302]
[311]
[339]
[414]
[439]
[476]
[480]
[523]
[534]
[549]
[590]
[593]
[605]
[678]
[741]
[784]
[825]
[957]
[1005]
[1147]
[1328]
[1394]
[2239]
[2959]
[3271]
[10516]
[12926]
[13042]
[14099]
[15833]
[16011]
[16218]
[33, 39]
[33, 40]
[33, 42]
[33, 49]
[37, 39]
[37, 40]
[37, 49]
[38, 39]
[39, 40]
[39, 42]
[39, 49]
[39, 111]
[39, 171]
[39, 287]
[40, 42]
[40, 49]
[40, 61]
[40, 66]
[40, 80]
[40, 90]
[40, 102]
[40, 111]
[40, 148]
[40, 171]
[40, 226]
[40, 238]
[40, 256]
[40, 271]
[40, 272]
[40, 311]
[40, 414]
[40, 439]
[40, 476]
[40, 534]
[40, 1147]
[40, 1328]
[40, 2239]
[40, 12926]
[42, 49]
[42, 66]
[49, 66]
[49, 80]
[49, 90]
[49, 102]
[49, 111]
[49, 148]
[49, 171]
[49, 226]
[49, 238]
[49, 256]
[49, 271]
[49, 272]
[49, 311]
[49, 414]
[49, 439]
[49, 476]
[49, 1328]
[49, 2239]
[33, 39, 40]
[33, 39, 49]
[33, 40, 42]
[33, 40, 49]
[33, 42, 49]
[37, 39, 40]
[37, 39, 49]
[37, 40, 49]
[39, 40, 42]
[39, 40, 49]
[39, 40, 111]
[39, 40, 171]
[39, 42, 49]
[39, 49, 111]
[39, 49, 171]
[40, 42, 49]
[40, 49, 66]
[40, 49, 90]
[40, 49, 102]
[40, 49, 111]
[40, 49, 171]
[40, 49, 226]
[40, 49, 238]
[40, 49, 311]
[40, 49, 476]
[33, 39, 40, 49]
[33, 40, 42, 49]
[37, 39, 40, 49]
[39, 40, 42, 49]
[39, 40, 49, 111]
[39, 40, 49, 171]
